  1
  2, 129   1 193 593 133 673 655   8 148 
  3, 448  60 402 255   2 611   1  44 195 133 177 644 183   8 301 711 705 306 697  46 674 
  4,  59   1   6 441 393 373 236 
  5, 282 164   1   6 241 247 456 147 146  21 
  6, 282 292 164 288  41 257   1   5 123 241   4 640 251 137 247 456 147 146  21 
  7
  8
  9,  48 206  98 
 10,  13 493 
 11,  18 348 319  17 350  66  10  31  22 329 303  14 280 307  64  35 438  26 252  29  62 249  72  63  16  36 573  52 160 256  27  37 437  68 705 264 334  23 719  30 302 248 
 12
 13,  17   7  10 280  20  64 493  16  15  30 
 14,  18 319  17  66   7  24  31  22 329  38  34  25 280 307  32  20  64  35 438  78  26 252  11  29  62 249  72  69  63  16  36 335  52 160 276 256  27  54  37 437  68 264  30 248 
 15,  13 
 16,  18 348  77 319  17  66   7  31  14  38 280 307  32  20  64  35  13  26 252  11  72 253  63  36 335  52 160 256  54  37  68 264  23  30 
 17,  18 348 319  66   7  31  22  14  38  25 280 167 307  20  64  35 438  13  26 252  11 254  62  72 253  63  16  36 335 160 256  54  37 437  68 264  30 
 18, 319  17  66   7  31  22  19  14 280 307  20  35 438  78  11  29  72 253  63  16  36  52 160  37 437  68 264  23  30 
 19,  18 
 20,  18 319  17  66   7  31 329  14  38  25 280  64  13  78  26 252  11 254  62  72 253  63  16 361 160 256  54  37  68 264  30 
 21, 285 327 282 164 257   1   6 123 241 270 247 147 146 
 22,  18 319  17  66   7  14 280  78  11 249 253  63  36 335  52 160  37 437  23  30 
 23,  18 348  28   7  22 329  33  11  16  36 
 24,  14  69 
 25,  17  14  32  20  26 252 254  62  72  63 361 256 657 264  30 
 26, 348 319  17  66   7  31  14  38  25 280  32  20  64  35 438  78 252  11  29  62 249  72 253  63  16  36  52 160 256  27  54  37 657  68 264  30 
 27, 319  14  38 280 307  64  35 438  78  26 249  63  36 335  52 160 437  30 
 28,  33  23 
 29,  18 319   7  31  14  38 280 307  64  35 438  78  26  11 249 253  36 335  52 160  54  37 437  30 
 30
 31,  18 348 319  17  66   7  14  38 280  20  64  35 438  78  26 252  11  29  62 249  72 253  63  16  36 335  52 160 256  54  37  68 264  30 
 32,  25 307  64  26 252 254  62  63  16 361 256  27 264  30 
 33,  28  23 
 34,  14 
 35,  18 319  17  66   7  31  22  14  38 280 307  64 438  78  26 252  11  29 249  72  63  16  36 335  52 160  27  54  37 437 264  30 248 
 36,  18 319  17  66   7  31  22  14  38 280 307  64  35 438  26 252  11  29 249  72  63  16 335  52 160  27  37 437  68 264  23  30 
 37,  18 319  17  66   7  31  22  14  38 280 307  20  64  35 438  78  26 252  11  29 249  72 253  63  16  36 335  52 160  54 437  68 264  30 
 38, 319  17  66  31  14 280 307  20  64  35 438  78  26 252  29 249  72 253  63  16  36 335  52 160  27  54  37 437  68 264  30 
 39,  59   1 
 40,  60 145 241   8 
 41, 197 112 292 164 257 207  45   1   6  50 640  43 247 260 
 42,  49  47 112 292 113  75  60 257 739  70  45  76 145 193 593 199 241  74  51 110 148  43 711 137 
 43, 282 292 164  41  45  42  50 148 260 
 44
 45, 521  47 282 292 164  41 257  42  50 593 422  43 137 247 260 
 46
 47,  49 521 327 282 292  75  60 257  45   1  76 145  42 193 593 724   8 422 137 247 
 48,   9 
 49, 521  47 292 257  42 137 
 50, 292 164 288  41  45 640  43 247 260 
 51,  70 372 158  42 417 
 52,  18 319   7  31  22  14  38 280 307  64  35 438  78  26 252  11  29 249  63  16  36 335 160  27  54  37 437  68 264  30 
 53
 54, 319  17  66   7  31  14  38 307  20  64  35 438  78  26 252  29 249  72 253  63  16 335  52 160  37 437  68 264  30 
 55,  57  65  58  56  61 
 56, 295  57  55  65  58  61 
 57,  55  65  58  56  61 
 58,  57  55  65  56  61 
 59,  39   1 
 60,  47  40 112 292  75 288 402 611   1  44 145  42 593 133 241   8  73 
 61, 295  57  55  65  58  56 251 
 62,  17  14  25 307  32  20  26 252 254 253  63 361 256 657  68 264  30 
 63
 64, 319  17   7  31  14  38 280 307  20  35 438  13  78  26 252  29 249  72  63  16  36 335  52 160  27  54  37 437  68  30 
 65,  57  55  58  56  61 
 66,  18 319  17   7  31  22  14  38 280 307  20  35 438  78  26 252  11 249  72 253  63  16  36 335 160  54  37  68 264  30 
 67,  44 
 68,  18 319  17  66   7  31  14  38 280 307  20  64  26 252  11  62  72 253  63  16  36  52 160  54  37 264  30 
 69,  24  14 
 70, 330 739 125 194 158  42 193  51  71 110 582 289 
 71,  70 
 72
 73, 439  47 285 327  75  60 257   1  76  42 593 137 247 245 260 
 74,  42 
 75, 439  47 197 285 327 292  60 257   1  76  42 670 593 123 137 247  73 245 260 
 76, 439  47 197 285 327 292  75 257 207 156   1  42 670 193 593 123 127 673 247  73 245 260 147 146 
 77, 162  16 
 78,  18 319  66  31  22  14  38 280 307  20  64  35 438  29 249  63 335  52 160  27  54  37 437 264  30 
 79, 673  95 
 80,  96 189 168  81 165 401 166  84 161 603  85 
 81, 189 168  80 165 166 161 603 
 82,  91 189 104 106  92 109 
 83, 108 
 84, 168  80 
 85,  80 603 
 86,  94  90  93 
 87
 88, 258 
 89, 195 
 90,  86  93 
 91, 589  82 644 711 621 
 92,  82 
 93,  86  90 
 94,  86 
 95,  96  79 
 96, 168 107  80 258 165 119 161 603  95 
 97
 98,   9 
 99
100
101
102
103
104,  82 109 
105
106,  82 
107,  96 
108, 168 165 183 603  83 
109, 104  82 
110, 739  70 194  42 
111, 132 
112
113
114
115
116, 113 150 115 128 203 
117, 194 325 
118, 658 
119, 454  96 
120
121
122, 113 203 134 
123
124
125,  70 
126
127, 448 288  76 177 673   8 
128, 150 115 203 116 
129,   2 
130
131
132
133
134, 122 
135, 166 
136,  95 
137,  49 521  47 285 282 292  75 257  45   6  42 241 655 148 247  73 147 146 
138, 133 571 
139, 382 
140
141
142
143
144, 661 
145, 223  47  40 292 288  60  42 177 
146, 282 164  41 257   1   6  76   5 123 241 137 247 456 283 147  21 
147, 285 282 164 257   1   6  76   5 123 241 137 247 283 146  21 
148
149, 586 
150, 113 115 128 203 116 
151
152, 153   1 
153, 152   1 
154
155
156, 159  76 157 
157, 159 156 
158, 727  70   1  51 215 666 349 171 236 
159, 156 157 691 673 163 
160
161, 159  96 189 168  80  81 165 163   8 166  84 603 596 704 
162,  77 
163, 159 691 177 673 161 
164, 112 292 288  41 257 207  45   1   6   5  50 593 241 640  43 247 681 456 260 147 146  21 
165,  96 168  80  81 246   8 161 603 108 171 
166, 189 168  80  81 161 603 135 
167, 348  17 
168,  96 189 133  80  81 165 166  84 161 603 108 
169, 182 
170, 196 
171,   1 165 246 236 
172
173
174
175
176, 205 
177, 288 615   3   1 195 145 127 241 673 183 163 306 
178, 211 185 
179,   1 
180
181
182, 169 
183, 273 448 402   3 255 611 177 429 301 108  46 
184
185, 196 
186, 273 288   1 707 
187
188
189
190
191
192
193, 521  47 197 292 257  70 194   2  76  42 593 200 
194, 117 739  70 154 193 110 582 215 681 
195, 288 207   3   1 593 177 306  89 
196, 170 185 
197, 327  75  41 207  76 670 193 640 245 260 
198, 204 
199, 211  42 209 
200, 193 
201
202
203, 113 150 115 128 116 122 
204, 198 
205, 176 
206,   9 
207, 197 285 112 292 164 288  41 257   1  76 195 593 247 245 260 
208
209, 211 199 216 220 213 214 210 212 218 
210, 209 212 
211, 199 209 178 
212, 216 209 220 210 
213
214
215, 638 273 632 154 194   1 158 670 349 236 
216, 209 220 212 
217
218, 209 
219, 223 226 222 227 
220, 216 209 212 
221, 717 
222, 223 219 225 227 
223, 219 145 222 227 
224
225, 222 
226, 219 
227, 223 219 222 
228,  44 
229,  44 231 740 244 277 291 230 278 
230,  44 231 229 740 244 277 278 
231,  44 229 740 244 277  67 230 278 
232, 239   1 
233
234
235, 402 680 611   1 631 240 287 
236, 273 288   1 158   4 215 373 349 171 
237,  44 238 
238
239, 232   1 
240,   1 235 
241
242,   1 
243, 241 
244,  44 231 229 740 238 277 230 278 
245, 439 197 285 327 292  75 207   1  76 123 241 247 
246
247
248,  18   7  22  14 280 307  64  35 438  78  11  29 249  63  16  36 160  27 
249,  18 319  66   7  31  22  14  38 280 307  64  35 438  78  26  11  29  63  36 335  52 160  27  54  37 437  30 261 248 
250, 326 350   7 303 309 546 302 339 
251, 288   1   6 241  61 
252, 319  17  66   7  31  14  38  25 307  32  20  64  35 438  26  11 254  62  72 253  63  16  36 361  52 256  54  37 657  68 264  30 
253,  18 319  17  66   7  31  22  38  20  26 252  29  62  72  16 160 256  54  37  68 264  30 
254,  17  25  32  20  64 252  62 256 
255
256,  17  31  25 280 307  32  20  64  26 252 254  62  72 253  63  16 361  54  37 264  30 
257,  49 521  47 285 327 112 292 164  75  41 207  45   1   6  76  42 193 241 422 137 247  73 433 147 146  21 
258,  96  88 
259, 521 241 
260, 197 285 292 164  75  41 207  45   1  76  50 593 123  43 247 
261, 249 
262, 665 267 281  30 
263,  30 
264,  18 319  17  66   7  31  14  38  25 280  32  20  64  35 438  78  26 252  11  62  72 253  63  16  36 361  52 160 256  27  54  37 437  68  30 
265,  30 
266, 665 281  30 
267,  30 262 
268, 269  30 
269
270,   1  21 
271,   1 305 
272
273, 638 288   1 605 186 553 183 215 236 
274
275
276,  14 
277,  44 231 229 740 244 230 278 
278,  44 231 229 740 244 277 230 
279
280,  18 319  17  66   7  31  22  14  38 307  20  64  35 438  13  78  26  11  29 249  72  63  16  36 335  52 160 256  27  37 437  68 264  30 248 
281, 665 266  30 262 
282, 521  47  45   1   6   5  43 137 247 147 146  21 
283, 669 299 147 290 146 
284
285, 439 327 292  75 257 207   1  76 123 241 137 247  73 245 260 147  21 
286
287, 235 369 
288, 112 164  60 207   1   6 195 145  50 605 186 593 127 241 177 655 251 236 
289,  70 
290, 283 
291,  44 229 
292,  49 521  47 285 112 164  75  60  41 257 207  45   1   6  76 145  42 193  50 593 241 640 148 422  43 137 247 306 245 260  21  46 
293
294, 295 293 
295, 294  56  61 
296,   1 
297, 298 293 398 
298, 293 297 
299, 283 
300
301, 448   3 183 
302
303,  18 326 350  10 329  14  11 250 353 309 160 546 705  23 302 339 
304,   7 
305
306, 292   3 255 195 177 571 
307,  18 319  17  66   7  14  38 280  64  35 438  78 252  11  29  62 249  72  63  16  36 361 335  52 160 256  27  54  37 437  68  30 248 
308,   7 
309, 326 350   7  10 329 303 250 160 546 302 339 
310, 311   7 321 332 
311, 310   7 321 332 
312,   7 316 317 
313
314, 366   7 316 317 338 
315,   7 
316, 366   7 314 317 337 312 331 
317, 366   7 316 314 312 
318,   7 
319,  18  17  66   7  31  22  14  38 280 307  20  64  35 438  78  26 252  11  29 249  72 253  63  16  36 335  52 160  27  54  37 437  68 264  30 
320,   7 
321, 310 311   7 336 332 324 
322, 133 
323
324,   7 321 
325, 330 117 609 660 328 687 
326
327
328, 609 660 325 687 
329
330, 431 609  70 660 325 687 
331, 366   7 316 312 
332, 310 311   7 336 321 
333,   7 
334,   7  11 
335, 319  17  66   7  31  22  14  38 280 307  64  35 438  78  29 249  63  16  36  52 160  27  54  37 437  30 
336,   7 321 332 
337,   7 316 338 
338,   7 314 337 
339, 326 350 303 250 309 302 
340, 342 341 344 302 
341, 342 340 302 
342, 341 340 302 
343, 346 302 
344, 340 302 
345, 326 
346, 343 302 
347, 329 
348,  17   7  31 167  26 587  11  16 160  23 
349,   1 158 215 171 236 
350, 326 303 250 309 546 302 339 
351, 346 302 
352
353
354, 353 
355, 329 359 356 365 453 
356, 329 355 
357
358, 302 
359, 329 355 453 
360
361,  25 307  32  20  64 252  62  63  16 256  27 657 264  30 
362
363, 364 434 
364, 363 
365, 355 
366
367
368
369,   1 287 
370
371
372,  51 
373,   1 441   4 236 
374
375, 711 
376, 653 
377, 114 
378, 399 
379
380
381
382, 139 399 
383, 148 
384
385, 293 640 687 666 
386
387
388
389, 408 
390
391
392, 393 
393, 392 441   4 
394
395, 411 424 
396, 417 
397, 414 399 405 
398, 297 
399, 378 382 414 397 405 
400
401
402, 112  60   3 680 255 611 631 133 235 183 571 
403
404
405, 414 399 397 
406, 618 
407
408, 389 
409, 412 413 421 
410
411, 721 395 424 469 
412, 416 409 413 421 
413
414
415
416, 412 
417,  51 396 
418, 419 673 456 
419, 418 
420
421, 412 409 413 444 
422, 521  47 292 257  45 433 
423, 426 427 688 
424, 411 395 
425,   7 
426, 688 423 
427, 688 423 
428
429, 255 183 
430
431, 330 413 
432
433
434, 363 
435
436
437,  18 319  17   7  22  14  38 280 307  64  35 438  78  11  29 249  63  36 335  52 160  27  54  37 264 248 
438,  18 319  17  66   7  31  22  14  38 280 307  64  35  78  26 252  11  29 249  72  63  36 335  52 160  27  54  37 437 264  30 248 
439
440
441,   4 393 373 
442, 695 
443, 444 642 
444
445
446
447
448,   3 127 183 301 440  46 
449, 642 
450
451
452, 444 
453, 329 359 355 
454, 641 644 119 642 
455
456, 164   1   6   5 241 418 673 146 
457
458, 551 
459, 475 457 471 490 
460
461
462
463
464
465
466, 475 457 487 545 489 471 459 
467
468
469
470
471, 457 545 466 459 
472
473
474
475, 457 466 459 
476, 574 481 490 520 
477
478, 457 518 
479
480
481, 574 476 490 
482, 457 
483
484
485
486, 457 
487, 466 
488
489
490, 574 476 511 481 459 520 
491
492, 457 
493,  10  13 309 
494
495, 457 
496, 538 498 530 525 503 532 507 502 500 528 517 497 534 515 524 512 522 542 504 540 510 506 537 509 514 508 531 516 513 501 543 578 
497, 538 498 503 507 502 500 528 517 534 515 524 512 510 537 509 496 516 513 543 
498, 538 530 525 503 532 507 502 500 528 517 497 534 515 524 512 522 542 504 540 510 506 537 509 514 496 508 531 516 598 513 501 543 
499
500, 538 498 530 525 503 532 507 502 528 517 497 534 515 524 512 522 542 504 540 510 506 509 514 496 508 531 516 513 501 543 
501, 538 498 525 503 532 507 502 500 528 534 515 524 512 542 504 540 510 506 509 514 496 531 516 598 513 543 
502, 538 498 525 503 532 507 500 528 517 497 534 515 524 512 522 542 504 540 506 509 514 496 508 531 516 513 501 
503, 538 498 530 525 532 507 502 500 528 517 497 534 515 524 512 522 542 504 540 510 506 509 514 496 531 516 513 501 543 
504, 538 498 525 503 532 507 502 500 528 517 534 515 524 512 522 542 540 510 506 509 514 496 508 531 516 513 501 543 527 
505
506, 538 498 530 525 503 532 507 502 500 528 517 534 515 524 512 563 522 504 540 537 509 496 531 516 513 501 543 
507, 538 498 530 525 503 532 502 500 528 517 497 534 515 524 512 522 542 504 540 510 506 509 514 496 508 531 516 513 501 
508, 538 498 530 532 507 502 500 528 534 515 512 542 504 540 510 514 496 531 516 
509, 538 498 530 525 503 532 507 502 500 528 517 497 534 515 524 512 522 542 504 540 506 496 531 516 513 501 543 
510, 538 498 525 503 532 507 500 528 497 534 522 542 504 540 514 496 508 531 501 543 
511
512, 538 498 525 503 532 507 502 500 528 517 497 534 524 504 506 537 509 496 508 531 516 513 501 
513, 538 498 530 503 532 507 502 500 528 517 497 534 515 524 512 504 540 506 537 509 514 496 531 516 501 543 
514, 538 498 503 532 507 502 500 528 517 534 515 542 504 510 496 508 516 513 501 543 
515, 538 498 525 503 532 507 502 500 528 517 497 534 524 522 542 504 540 506 509 514 496 508 531 516 513 501 543 
516, 538 498 530 525 503 532 507 502 500 528 517 497 534 515 524 512 522 504 540 506 509 514 496 508 531 513 501 543 
517, 538 498 530 503 532 507 502 500 528 497 534 515 524 512 522 542 504 540 506 537 509 514 496 516 513 
518, 478 
519
520, 476 490 
521,  49  47 282 292 257  45 193 241 259 640 422 137 
522, 538 498 525 503 532 507 502 500 528 517 534 515 524 542 504 540 510 506 509 496 516 706 543 
523
524, 538 498 530 525 503 532 507 502 500 528 517 497 534 515 512 522 542 504 540 506 509 496 531 516 598 513 501 543 
525, 538 498 530 503 532 507 502 500 528 534 515 524 512 522 504 540 510 506 509 496 531 516 501 543 
526, 528 541 537 535 598 578 
527, 504 
528, 538 498 525 503 532 507 502 500 517 497 534 515 524 512 522 542 504 540 510 506 509 514 496 508 531 516 598 513 501 543 526 
529
530, 538 498 525 503 507 500 517 524 506 509 496 508 516 513 
531, 538 498 525 503 532 507 502 500 528 534 515 524 512 542 504 540 510 506 509 496 508 516 513 501 543 
532, 538 498 525 503 507 502 500 528 517 534 515 524 512 522 542 504 540 510 506 509 514 496 508 531 516 513 501 543 
533, 541 563 535 598 
534, 538 498 525 503 532 507 502 500 528 517 497 515 524 512 522 542 504 540 510 506 509 514 496 508 531 516 513 501 543 
535, 533 541 563 537 598 526 539 578 
536
537, 498 517 497 541 512 563 540 506 496 535 598 513 526 578 
538, 498 530 525 503 532 507 502 500 528 517 497 534 515 524 512 522 542 504 540 510 506 509 514 496 508 531 516 706 513 501 543 
539, 535 
540, 538 498 525 503 532 507 502 500 528 517 534 515 524 522 542 504 510 506 537 509 496 508 531 516 513 501 
541, 533 563 537 535 598 526 578 
542, 538 498 503 532 507 502 500 528 517 534 515 524 522 504 540 510 509 514 496 508 531 516 501 543 
543, 538 498 525 503 532 500 528 497 534 515 524 522 542 504 510 506 509 514 496 531 516 598 513 501 
544, 559 
545, 457 471 
546
547, 548 599 639 
548, 547 
549
550, 551 
551, 550 458 
552, 664 138 571  46 
553, 273 
554
555
556
557, 556 
558, 715 561 564 
559, 544 
560
561, 558 
562
563, 533 541 506 537 535 598 578 
564, 558 
565
566
567, 112 589 602 588 592 
568, 112 
569, 112 576 
570
571, 402 138  79 552 306  46 
572
573
574, 577 476 481 490 
575, 112 576 
576, 575 112 569 
577, 574 
578, 541 563 537 496 535 598 526 
579
580, 586 
581
582,  70 194 581 
583, 711 
584
585
586, 580 149 
587, 348 
588, 567 112 602 592 
589, 112  91 
590, 669 
591, 112 
592, 567 112 588 
593,  47 112 292 164  75 288  60 207  45   2   1  76 195  42 193 247 260 
594
595
596, 161 
597, 587 
598, 498 533 528 541 524 563 537 535 501 543 526 539 578 
599
600, 638   1 605 
601
602, 567 112 588 
603,  96 189 168  80  81 165 166 161 108  85 
604, 626 
605, 638 273 288   1 600 
606
607
608
609, 330 660 325 328 
610, 639 
611
612, 613 615 616 611 631 619 621 617 645 627 628 
613, 612 632 616 611 631 619 624 618 617 645 627 628 
614, 620 636 
615, 612 611 653 619 177 617 627 628 
616, 612 613 611 656 621 617 645 
617, 612 613 615 616 611 631 619 623 621 645 627 628 
618, 613 673 406 
619, 612 613 615 611 637 634 629 631 623 617 645 627 734 628 
620, 614 
621, 646 612  91 616 611 623 617 628 
622
623, 611 631 619 621 617 627 628 
624, 613 
625
626, 604 
627
628, 612 613 615 611 631 619 623 621 617 645 627 
629, 619 
630
631, 612 402 613 680 611 619 623 235 617 645 627 628 679 
632, 613 215 
633, 611 
634, 637 619 
635
636, 614 
637, 634 619 
638,   1 605 600 215 
639, 547 610 
640, 521 197 292 164  41   1   6  50 385 
641, 454 
642, 454 449 119 428 443 444 
643
644, 454   3  91 711 
645, 612 613 616 611 631 619 617 628 
646
647, 241 
648
649, 161 
650,  65 
651
652
653, 376 615 
654
655
656, 616 
657,  17  25 280  64  26 252  62  72 361 160 
658, 118 
659
660, 330 609 325 328 
661, 144 
662, 663 
663, 662 
664, 552  46 
665
666, 158 385 687 
667
668
669
670, 197 327  75   1  76 123 241 215 
671
672
673, 159   2  76 127 618 177 418 655 163 148  79 456 
674,   3 255 
675, 676 
676, 675 
677, 265  30 
678, 305 
679, 402 680 611 631 
680, 402 611 631 235 679 
681, 682 164 194 189 
682, 189 681 
683
684, 159 
685
686, 439  75 299 
687, 330 325 328 385 666 
688
689
690
691
692
693
694
695
696
697
698
699
700
701
702
703
704
705
706
707
708
709
710
711
712
713
714
715
716
717
718
719
720
721, 411 329 
722
723
724
725
726
727
728
729
730
731
732
733
734, 619 
735, 431 
736
737
738
739,  70 194  42 110 711 
740,  44 231 229 244 277  67 230 278 
741
742
743, 285 282 112 164  41 257 207   1   6   5 123 241 137 247 456 260 147 146  21 
