427
1, 2 3 4 5 6 19 37 39 45 55 56 69 71 72 113 114 117 118 122 128 134 135 137 140 144 150 157 171 172 173 176 177 179 182 188 194 197 207 208 209 215 217 219 223 227 277 289 291 332 355 358 361 382 383 401 427 
1, 1 3 6 8 105 106 115 142 173 291 297 324 355 393 402 
2, 1 2 8 22 26 42 44 56 97 106 112 135 138 144 192 231 236 258 302 327 363 386 403 414 416 418 
1, 1 6 55 162 169 173 291 297 324 
1, 1 6 9 19 80 81 113 114 128 178 184 196 215 332 427 
1, 1 2 4 5 9 19 20 39 66 80 81 101 104 110 113 114 128 135 137 178 184 188 194 196 215 219 223 332 383 427 
1, 11 12 14 15 16 18 20 21 24 27 29 33 34 35 49 50 60 62 64 185 186 187 189 190 201 213 234 237 238 239 240 241 242 243 244 245 246 247 248 249 250 252 259 260 261 262 263 264 265 266 276 315 320 321 
1, 2 3 38 45 56 103 125 129 
1, 5 6 10 11 113 114 128 194 203 207 215 217 223 233 239 334 427 
0, 9 12 14 15 16 18 20 21 24 25 27 28 29 32 33 34 35 36 49 58 59 60 62 64 68 87 124 139 143 149 151 185 186 188 189 193 201 213 232 233 237 248 257 262 276 278 320 321 343 416 419 
1, 7 9 12 13 14 15 18 28 60 65 203 213 334 
1, 7 10 11 14 15 16 17 18 20 22 23 24 25 27 28 29 30 32 33 34 35 36 39 49 50 58 59 60 62 64 65 68 74 87 124 132 143 185 186 188 189 193 201 210 213 233 237 248 257 263 320 321 
1, 11 21 31 
1, 7 10 11 12 14 15 16 18 21 24 27 28 29 30 32 33 34 35 36 38 49 50 59 60 62 64 68 73 74 87 117 124 143 185 186 189 190 193 201 213 237 248 263 276 286 321 
1, 7 10 11 12 14 16 18 20 23 24 28 29 32 33 34 35 36 50 58 59 60 62 64 68 87 117 118 124 131 143 188 189 190 191 193 201 213 237 248 263 276 286 320 321 395 
0, 7 10 12 14 15 17 18 20 21 26 27 28 29 32 33 34 35 36 39 49 59 62 64 68 74 87 117 124 143 185 186 188 190 201 213 233 237 248 320 321 
0, 12 16 
1, 7 10 11 12 14 15 16 23 24 28 29 32 35 36 39 50 58 59 60 62 64 68 74 87 117 118 124 143 189 190 191 193 201 213 248 257 286 312 325 329 385 
1, 1 5 6 56 66 80 81 101 104 112 113 114 128 178 184 194 207 215 217 223 255 427 
2, 6 7 10 12 15 16 21 28 33 34 35 39 41 43 47 49 59 62 74 87 113 117 124 128 143 146 150 185 186 190 194 197 213 223 248 263 320 321 383 427 
0, 7 10 13 14 16 20 26 31 34 233 257 276 
1, 3 12 56 63 65 167 168 169 170 174 181 211 212 222 426 
1, 12 15 18 24 28 30 36 58 59 68 118 138 189 191 193 201 286 395 
1, 7 10 12 14 15 18 23 25 27 28 29 30 32 33 34 35 36 39 49 50 58 59 60 62 64 68 74 87 117 124 138 143 186 188 189 190 193 201 213 248 276 321 395 
1, 10 12 24 28 30 33 34 36 39 49 51 52 53 57 59 60 61 74 87 124 143 185 186 188 201 213 237 248 263 286 320 321 
1, 3 16 21 31 38 40 45 69 71 112 219 223 302 355 
0, 7 10 12 14 16 24 28 29 33 34 35 36 39 49 50 51 52 53 54 60 61 74 87 117 124 143 185 186 188 190 213 226 237 248 263 320 321 
1, 10 11 12 14 15 16 18 20 23 24 25 27 29 30 33 34 35 36 49 50 58 60 62 64 74 186 189 190 193 199 200 201 202 203 204 205 213 214 237 248 263 286 321 404 
1, 7 10 12 14 15 16 18 24 27 28 32 33 34 35 36 39 49 50 58 59 60 62 64 68 74 87 117 124 143 186 188 189 190 193 194 201 213 248 263 276 313 321 
1, 12 14 23 24 25 28 58 59 60 118 189 191 193 201 237 286 
1, 13 21 26 170 426 
0, 10 12 14 15 16 18 24 29 34 35 36 49 50 58 60 62 189 190 201 213 237 248 
1, 7 10 12 14 15 16 20 24 25 27 28 29 34 35 36 39 49 50 59 60 62 68 74 87 124 143 185 186 188 189 201 213 237 248 263 320 321 
1, 7 10 12 14 15 16 20 21 24 25 27 28 29 32 33 35 36 40 48 49 59 60 62 64 67 68 87 93 102 122 124 142 143 185 186 188 189 201 213 220 237 248 258 263 320 321 347 425 
1, 7 10 12 14 15 16 18 20 24 27 28 29 32 33 34 36 39 49 50 59 60 62 64 66 68 74 87 117 124 143 186 188 189 190 193 201 213 237 248 263 320 321 
1, 10 12 14 15 16 18 23 24 25 27 28 29 32 33 34 35 36 39 49 50 59 60 62 64 68 74 87 117 124 143 186 188 189 190 193 201 213 237 248 263 320 321 395 
1, 1 55 56 71 72 110 194 217 
1, 8 14 26 56 79 112 126 178 
1, 1 6 12 16 18 20 24 25 27 29 33 35 36 41 43 47 49 50 53 60 62 94 98 103 104 113 128 137 146 150 184 185 186 194 197 201 213 223 237 248 263 320 321 383 427 
1, 26 34 41 43 45 46 48 53 56 60 66 69 70 71 72 79 86 93 94 95 104 110 112 115 137 142 147 178 194 223 284 342 355 402 418 425 
1, 20 39 40 43 47 115 128 137 197 215 223 
1, 3 56 63 167 168 169 170 174 181 211 212 222 426 
2, 20 39 40 41 45 47 104 110 128 137 184 194 197 215 223 313 335 355 
0, 3 138 223 327 337 342 397 
1, 1 8 26 40 43 46 56 69 71 72 76 79 104 110 112 125 132 137 142 184 194 215 223 255 313 335 355 421 
0, 40 45 104 110 137 194 223 335 
1, 20 39 41 43 128 135 137 184 195 197 219 223 383 
0, 34 40 66 122 290 309 
0, 7 10 12 14 16 20 24 25 27 28 29 32 33 34 35 36 39 50 59 60 64 74 78 87 124 143 186 188 189 201 213 237 248 263 320 321 
1, 7 12 14 15 18 24 27 28 29 32 33 35 36 39 49 59 60 62 64 68 74 75 87 109 117 124 143 186 188 189 190 193 201 237 248 263 320 321 
1, 25 27 52 53 54 57 61 
1, 25 27 51 53 54 57 61 226 
1, 25 27 39 40 51 52 54 56 57 61 128 150 194 219 223 302 339 340 341 344 345 350 351 353 354 355 359 427 
1, 27 51 52 53 57 61 
1, 1 4 37 
1, 1 3 8 19 22 37 38 40 42 45 53 69 71 79 94 106 112 135 137 178 219 223 302 355 363 
1, 25 51 52 53 54 61 78 188 226 
0, 10 12 15 18 23 24 28 29 30 32 59 64 79 117 118 129 132 138 189 190 191 193 201 237 286 360 395 
0, 10 12 14 15 16 18 20 23 24 25 29 30 33 34 35 36 49 50 58 60 62 64 74 185 186 189 193 201 213 237 248 263 286 320 321 
1, 7 10 11 12 14 15 18 24 25 27 28 29 30 32 33 34 35 36 39 40 49 50 59 64 66 68 74 87 124 143 185 186 188 189 191 193 201 213 237 248 263 286 320 321 395 425 
1, 25 27 51 52 53 54 57 391 
1, 7 10 12 14 15 16 18 20 24 28 29 32 33 34 35 36 39 50 59 64 68 74 87 117 124 143 186 188 189 190 201 213 237 248 263 321 331 385 
1, 22 42 170 426 
2, 7 10 12 14 15 16 18 24 28 29 34 35 36 49 50 58 59 60 62 68 87 117 124 143 189 190 201 213 237 248 
1, 11 12 22 
0, 6 19 35 40 48 60 67 71 72 93 102 113 114 122 142 143 182 197 217 220 258 284 347 401 425 427 
1, 34 66 
1, 10 12 14 15 16 18 23 24 29 33 34 35 36 50 60 62 64 189 190 193 201 213 237 248 321 395 
1, 1 26 40 45 56 71 72 104 110 182 184 189 194 197 217 255 322 355 
1, 40 
1, 1 26 37 40 45 56 66 69 72 98 101 104 110 137 146 182 184 189 194 197 217 223 255 322 355 401 411 
0, 1 37 40 45 66 69 71 80 81 98 101 103 104 113 114 120 137 142 146 150 182 184 189 194 197 204 214 217 223 255 322 355 401 402 
1, 14 126 
1, 12 14 16 18 20 24 25 27 28 29 33 35 36 49 50 59 60 62 87 124 143 185 186 188 201 213 237 248 263 320 321 
0, 50 86 342 402 
2, 45 77 80 81 87 95 125 129 130 132 141 301 360 
1, 76 95 125 129 130 132 141 360 
1, 49 57 84 85 88 89 92 95 141 
1, 38 40 45 56 58 91 135 163 219 223 
1, 5 6 19 72 76 110 114 125 128 132 194 215 216 332 427 
1, 5 6 19 72 76 110 113 128 194 215 216 217 360 427 
0, 97 104 120 149 195 
1, 97 144 
1, 78 112 117 351 371 386 418 
1, 78 143 157 
0, 40 75 87 109 120 121 125 127 402 410 
1, 10 12 14 15 16 18 20 24 25 27 29 33 34 35 36 49 50 60 62 64 74 76 86 90 99 120 125 129 132 185 186 190 195 201 213 233 237 239 248 263 276 320 321 360 395 
1, 78 92 
0, 78 
1, 87 153 
0, 79 129 132 138 360 
1, 78 88 
0, 34 40 66 143 284 425 
1, 39 40 56 128 150 194 219 223 302 339 340 341 344 345 350 351 353 354 355 359 427 
2, 40 76 77 78 97 100 116 125 130 132 149 360 408 409 
1, 97 104 116 149 
0, 3 82 83 95 96 104 116 135 149 150 219 236 355 
0, 39 71 72 142 143 147 150 182 197 253 383 401 
1, 87 331 385 
0, 95 107 149 
1, 6 19 71 72 113 114 182 197 217 401 427 
1, 34 66 
1, 8 39 72 128 135 144 146 182 194 197 217 219 223 327 355 402 427 
1, 6 19 39 40 43 45 46 69 71 72 82 96 97 110 113 114 116 128 142 149 150 217 223 313 335 427 
0, 2 136 147 151 
0, 2 3 56 111 132 251 302 
0, 100 
1, 130 
1, 50 86 160 163 164 166 
1, 6 37 40 43 45 46 69 71 80 81 104 112 113 114 115 137 160 162 166 178 184 194 215 217 223 335 393 427 
0, 106 226 337 342 
0, 3 19 26 38 40 45 56 84 110 135 137 163 219 223 292 348 386 425 
1, 1 5 6 9 19 20 39 66 72 81 101 104 110 114 128 178 184 194 196 215 216 332 427 
0, 1 5 6 9 19 66 72 80 101 104 110 113 128 178 184 194 215 216 217 427 
0, 2 40 41 110 223 294 402 
0, 95 96 97 104 149 233 239 267 278 
0, 1 14 15 16 18 20 24 27 29 35 36 50 58 62 64 84 118 189 193 201 248 
1, 1 15 18 23 30 58 117 189 193 
0, 143 157 
0, 72 82 86 87 121 123 
1, 86 120 123 335 
1, 1 34 48 66 134 157 167 173 277 399 422 
1, 120 121 125 127 186 402 410 413 
0, 10 12 14 15 16 18 20 24 25 27 29 33 34 35 36 49 50 60 62 64 74 185 186 190 201 213 233 237 239 248 263 276 320 321 395 
0, 8 45 76 77 80 86 87 95 123 127 129 130 132 141 271 356 360 390 415 
1, 38 73 
0, 86 123 125 135 205 402 413 
1, 1 5 6 9 19 20 39 41 43 47 53 80 81 94 103 104 113 114 135 137 150 178 184 194 196 197 219 223 332 355 383 408 427 
1, 8 58 76 77 87 91 125 132 134 183 360 
1, 76 77 95 108 125 132 141 360 
1, 15 276 
0, 12 45 58 76 77 80 87 91 95 106 125 129 130 141 360 
1, 145 
0, 1 122 129 173 183 225 228 229 277 295 
0, 1 3 6 47 56 79 97 103 112 127 128 135 138 140 144 150 173 178 188 209 219 236 355 361 366 402 
0, 105 139 153 
1, 1 6 39 40 41 43 45 46 47 56 71 72 110 112 128 142 150 182 194 197 217 236 313 335 355 383 
1, 3 23 24 44 58 91 135 189 192 209 231 286 302 317 327 363 
1, 10 136 145 187 233 239 267 268 269 270 271 272 274 278 279 284 
0, 1 135 208 209 219 405 417 
1, 76 77 78 125 130 132 360 408 409 
2, 2 34 40 45 66 72 98 104 137 143 146 148 194 223 335 355 364 365 367 368 370 375 377 
2, 10 12 14 15 16 18 20 24 25 27 29 33 34 35 36 49 50 60 62 64 66 74 85 93 98 119 142 157 186 189 190 201 213 237 263 284 320 321 347 408 425 
1, 1 3 83 103 135 150 219 236 355 
1, 133 139 250 260 
1, 20 39 71 72 103 142 150 182 197 255 383 401 
0, 40 98 105 151 153 256 258 362 396 412 
1, 142 253 362 396 412 
0, 10 82 95 96 97 100 104 116 
1, 1 20 39 53 72 94 97 98 104 128 135 137 144 146 182 184 194 197 217 219 223 355 427 
1, 10 105 147 152 153 154 155 156 158 159 161 187 233 239 267 
1, 151 154 
1, 90 136 147 151 
1, 151 152 158 161 233 281 
2, 151 
0, 151 
0, 1 85 119 122 143 173 209 248 277 282 378 382 401 
0, 151 154 161 
0, 151 
1, 109 110 162 163 165 166 
1, 151 154 158 
1, 4 110 160 163 164 166 173 324 
1, 79 109 112 160 162 166 
0, 109 162 
1, 160 
1, 109 110 160 162 163 
1, 22 42 122 295 412 
0, 22 42 169 170 181 211 212 222 285 426 
0, 4 22 42 168 170 181 211 212 285 296 324 426 
1, 22 31 42 63 168 169 181 211 212 285 426 
2, 1 176 
1, 1 177 218 302 363 377 407 
1, 1 2 4 122 134 135 157 162 209 219 277 291 306 312 
1, 22 42 175 
1, 174 181 304 306 312 318 
0, 1 171 306 
1, 1 172 
1, 5 6 19 38 40 56 110 113 114 128 135 180 182 188 194 196 217 219 223 332 335 389 401 427 
1, 1 
0, 178 304 306 
0, 22 42 168 169 170 175 211 212 285 426 
1, 1 66 69 71 72 98 101 103 137 146 150 178 184 189 217 223 255 322 
1, 129 134 
0, 5 6 19 39 43 45 47 69 71 72 110 113 114 128 150 182 194 197 215 217 223 355 427 
1, 7 10 12 14 16 20 25 27 33 34 39 59 60 74 87 124 186 188 213 237 320 321 
0, 7 10 12 14 16 20 24 25 27 28 29 33 34 35 36 39 49 50 59 60 62 74 87 123 124 143 185 188 198 213 237 248 263 320 321 
1, 7 139 151 212 232 233 239 254 267 278 336 
1, 1 6 10 12 15 16 24 25 27 29 33 34 35 36 49 50 57 60 62 74 135 178 185 186 189 201 213 219 237 248 263 320 
0, 7 10 12 14 15 18 23 24 28 29 30 32 33 34 35 36 49 50 58 59 60 62 64 68 69 71 72 117 118 138 143 182 188 190 191 193 201 217 237 248 286 321 395 411 
1, 7 14 15 16 18 20 24 27 28 29 32 35 36 50 58 62 64 68 87 124 143 189 193 201 248 
1, 15 18 23 30 58 60 189 193 
0, 3 138 236 302 317 403 
1, 10 12 14 15 18 23 24 28 29 30 35 36 50 58 59 60 68 117 118 189 190 191 201 213 237 286 385 
1, 1 6 9 19 20 29 37 39 40 43 45 46 53 69 71 72 80 81 94 103 110 113 114 128 137 142 150 178 184 217 223 255 313 319 335 427 
0, 47 82 87 
0, 5 6 113 128 178 310 335 402 427 
1, 1 20 39 41 43 47 66 69 71 72 98 101 103 128 137 146 150 184 217 223 355 427 
1, 186 
1, 28 204 214 255 398 
0, 28 
0, 7 10 12 14 15 16 18 23 24 25 28 29 30 32 33 34 35 36 39 49 50 58 59 60 62 64 68 74 87 117 124 143 188 189 190 193 213 248 286 320 321 
1, 28 404 
0, 9 11 28 214 255 398 
0, 28 72 199 
1, 28 127 206 
1, 205 
1, 1 9 19 
0, 1 140 235 
1, 1 135 138 140 157 173 219 248 338 361 382 
1, 12 
1, 22 42 168 169 170 181 212 285 426 
0, 22 42 168 169 170 181 187 211 233 239 278 285 426 
1, 7 10 11 12 14 15 16 18 20 24 25 27 28 29 32 33 34 35 36 39 49 59 60 62 64 68 74 87 124 143 185 186 188 193 201 237 248 263 320 321 395 
1, 28 72 199 203 255 398 
0, 1 5 6 9 19 41 43 45 80 81 110 113 114 184 335 427 
1, 80 81 113 114 221 230 400 
1, 1 9 19 37 66 69 71 72 81 101 103 104 110 114 137 150 178 182 184 189 194 197 223 255 322 427 
0, 172 289 
1, 1 6 26 47 53 56 79 94 97 103 112 128 135 140 144 150 173 178 188 209 355 361 393 
1, 34 66 
0, 216 
0, 22 42 168 
1, 1 6 9 19 20 26 39 40 41 43 44 45 46 47 53 56 71 72 79 94 103 104 110 112 115 128 142 150 178 182 184 194 197 217 236 313 335 355 383 
1, 225 228 229 295 
0, 134 224 226 
1, 27 52 57 111 225 236 302 337 
1, 1 
0, 134 224 229 300 
1, 134 224 228 
1, 216 411 
0, 3 138 327 
0, 10 187 233 239 267 268 269 270 271 272 274 278 279 284 
1, 9 10 12 16 21 87 116 124 139 151 154 187 212 232 239 254 257 267 278 280 336 416 
1, 7 
1, 208 405 
0, 3 97 135 137 144 192 223 226 342 
2, 7 10 12 14 15 16 25 27 28 30 32 33 34 35 36 39 49 50 58 59 60 62 64 68 74 87 124 143 185 186 188 189 193 213 248 263 286 320 321 
0, 7 
1, 7 9 87 116 124 139 151 187 212 232 233 254 257 267 278 334 336 
1, 7 241 250 260 364 367 368 369 370 373 375 377 378 387 
1, 7 240 250 260 
1, 7 245 246 259 
1, 7 245 246 266 288 
0, 7 368 370 371 375 377 
0, 7 242 243 246 259 265 288 
1, 7 242 243 245 288 364 365 366 368 370 371 372 377 387 
1, 7 
0, 7 10 12 14 15 16 18 20 24 25 27 28 29 32 33 34 35 36 39 49 50 59 60 62 64 68 74 87 117 124 157 186 188 189 190 201 209 213 237 263 320 321 358 361 
1, 7 370 381 
1, 7 145 240 241 252 260 264 
1, 106 331 
1, 7 250 
0, 98 148 256 258 362 396 412 
0, 187 233 239 267 273 278 
1, 19 45 69 71 72 146 182 194 199 203 214 217 401 
1, 147 253 362 396 412 
1, 10 12 18 21 233 239 275 282 283 285 330 420 
1, 3 34 66 147 253 318 362 396 412 
1, 7 242 245 288 377 407 
1, 7 145 240 241 250 264 408 
0, 7 
0, 7 10 
1, 7 12 14 15 20 25 27 28 29 33 34 35 36 39 49 50 59 60 62 74 87 124 143 186 188 213 237 248 320 321 
1, 7 250 260 
1, 7 245 266 
0, 7 243 265 
0, 116 139 151 187 232 233 239 254 278 
0, 139 232 269 270 272 
2, 139 232 268 270 
1, 139 232 268 269 
0, 125 139 232 274 
1, 139 232 268 
1, 254 
0, 139 232 271 279 
0, 257 
1, 7 10 14 15 21 24 29 87 124 131 349 
1, 1 122 134 157 173 
0, 10 116 139 187 212 232 233 239 254 267 336 
0, 139 232 274 
0, 233 281 
0, 154 280 
0, 157 257 283 285 287 330 
1, 257 282 
1, 40 66 93 139 143 232 
1, 168 169 170 181 211 212 257 282 330 
1, 14 15 18 23 25 28 30 58 59 60 138 189 193 201 237 395 
0, 282 
0, 243 245 246 259 
1, 1 218 
1, 48 
1, 1 2 4 173 324 
0, 112 418 
1, 392 
1, 115 
0, 134 167 224 383 399 412 
0, 169 297 
1, 2 4 296 324 
1, 305 314 
0, 309 
0, 228 
0, 76 
1, 3 26 53 56 94 106 138 172 192 226 342 363 377 406 407 
0, 369 
0, 175 180 306 307 312 
1, 298 314 333 420 
1, 173 175 176 180 304 307 308 312 
0, 304 306 312 318 
1, 306 
0, 48 299 
0, 196 311 332 402 
1, 310 
0, 18 173 175 304 306 307 326 
1, 29 43 45 104 137 194 223 319 335 
1, 298 305 
1, 7 
0, 385 
1, 138 192 
1, 175 258 307 424 
1, 194 313 
1, 7 10 12 15 16 20 25 27 33 34 35 36 39 49 50 59 60 74 87 124 143 185 186 188 201 213 237 248 263 321 
0, 7 10 12 14 15 16 20 24 25 27 28 29 33 34 35 36 39 49 50 59 60 62 68 74 87 124 143 185 186 189 201 213 237 248 263 320 
0, 69 71 72 182 217 411 
1, 327 
1, 2 4 162 169 291 297 
0, 18 326 385 
0, 312 325 329 385 
0, 3 44 103 138 231 323 
0, 385 
0, 18 326 
1, 257 282 285 
1, 62 99 251 384 385 386 
1, 1 5 6 80 113 128 178 310 402 427 
0, 305 
0, 9 11 239 
1, 43 45 46 104 110 121 137 142 178 194 196 215 223 313 383 
1, 187 233 239 278 
0, 44 111 226 342 397 
0, 209 
1, 53 94 350 351 354 359 
1, 53 94 
1, 53 94 345 
1, 40 44 75 111 236 302 337 
0, 10 
1, 53 94 345 
1, 53 94 341 344 
0, 347 
0, 34 66 143 346 
1, 112 418 
0, 276 357 
1, 53 94 339 354 359 
0, 53 84 94 339 
1, 400 
0, 53 94 
0, 53 94 339 350 
1, 1 2 26 40 43 45 53 56 69 71 72 94 97 103 128 135 137 142 144 150 184 197 219 223 
1, 125 
0, 349 
1, 1 248 361 382 
1, 53 94 339 350 
1, 58 76 77 81 87 91 95 125 129 130 132 141 
1, 1 135 209 219 248 358 382 
0, 147 148 253 256 258 396 
2, 3 56 138 172 302 364 365 366 367 368 370 371 372 375 377 379 387 406 407 
0, 142 240 246 363 365 366 367 368 370 371 374 375 377 387 
1, 142 246 363 364 367 368 369 370 373 374 375 377 378 387 
0, 135 246 363 364 368 370 374 375 392 
1, 142 240 363 364 365 368 371 387 394 
0, 142 240 244 246 363 364 365 366 367 370 371 372 374 375 377 387 
0, 240 303 365 402 
0, 142 240 244 246 249 363 364 365 366 368 372 374 375 376 377 380 381 387 423 
1, 84 244 246 363 364 367 368 372 375 388 
0, 246 363 368 370 371 374 375 377 
1, 240 365 
0, 364 365 366 368 370 372 375 377 
0, 142 240 244 363 364 365 366 368 370 371 372 374 377 387 
1, 370 
1, 142 172 240 244 246 259 302 363 364 365 368 370 372 374 375 387 406 407 
1, 157 240 365 
1, 363 
0, 370 381 
1, 249 370 380 
1, 1 157 209 358 361 
2, 1 6 20 39 47 98 128 137 146 223 295 335 
1, 331 
0, 18 62 99 193 316 325 326 328 331 
0, 3 84 112 331 418 
1, 240 246 363 364 365 367 368 370 375 377 
0, 371 
1, 178 
1, 125 
1, 61 
1, 293 366 
1, 2 110 219 402 
0, 367 
0, 15 23 24 36 58 60 68 87 124 189 213 286 
0, 147 148 253 256 258 362 
0, 44 337 
2, 199 203 214 
1, 122 295 412 
1, 216 352 
0, 1 66 71 72 98 101 146 157 178 255 
0, 2 40 72 75 86 103 115 123 127 135 196 310 332 369 393 
1, 3 192 
1, 28 202 
1, 140 235 
0, 302 363 377 407 
1, 172 259 302 363 377 406 
0, 95 128 141 143 260 409 
2, 95 141 408 
1, 86 123 
1, 71 189 230 322 
0, 147 148 167 253 256 258 295 399 
1, 123 127 
0, 3 
0, 125 
1, 3 10 233 
0, 140 
1, 3 40 84 292 348 386 425 
1, 10 
0, 257 305 
1, 45 
1, 122 
1, 370 
1, 318 
1, 34 40 60 66 93 112 143 418 
0, 22 31 42 63 168 169 170 181 211 212 
0, 1 5 6 9 19 20 39 53 66 80 81 94 101 103 104 110 113 114 128 150 178 184 194 196 197 215 217 332 
