3 283 0.3 0.2 0.2 0.2 0.2
7 283 0.3 0.2 0.2 0.2 0.2
3 49 0.3 0.2 0.2 0.2 0.2
7 49 0.3 0.2 0.2 0.2 0.2
3 283 0.6 0.2 0.2 0.2 0.2
7 283 0.6 0.2 0.2 0.2 0.2
3 49 0.6 0.2 0.2 0.2 0.2
7 49 0.6 0.2 0.2 0.2 0.2
3 283 0.3 0.8 0.2 0.2 0.2
7 283 0.3 0.8 0.2 0.2 0.2
3 49 0.3 0.8 0.2 0.2 0.2
7 49 0.3 0.8 0.2 0.2 0.2
3 283 0.6 0.8 0.2 0.2 0.2
7 283 0.6 0.8 0.2 0.2 0.2
3 49 0.6 0.8 0.2 0.2 0.2
7 49 0.6 0.8 0.2 0.2 0.2
3 283 0.3 0.2 0.8 0.2 0.2
7 283 0.3 0.2 0.8 0.2 0.2
3 49 0.3 0.2 0.8 0.2 0.2
7 49 0.3 0.2 0.8 0.2 0.2
3 283 0.6 0.2 0.8 0.2 0.2
7 283 0.6 0.2 0.8 0.2 0.2
3 49 0.6 0.2 0.8 0.2 0.2
7 49 0.6 0.2 0.8 0.2 0.2
3 283 0.3 0.8 0.8 0.2 0.2
7 283 0.3 0.8 0.8 0.2 0.2
3 49 0.3 0.8 0.8 0.2 0.2
7 49 0.3 0.8 0.8 0.2 0.2
3 283 0.6 0.8 0.8 0.2 0.2
7 283 0.6 0.8 0.8 0.2 0.2
3 49 0.6 0.8 0.8 0.2 0.2
7 49 0.6 0.8 0.8 0.2 0.2
3 283 0.3 0.2 0.2 0.8 0.2
7 283 0.3 0.2 0.2 0.8 0.2
3 49 0.3 0.2 0.2 0.8 0.2
7 49 0.3 0.2 0.2 0.8 0.2
3 283 0.6 0.2 0.2 0.8 0.2
7 283 0.6 0.2 0.2 0.8 0.2
3 49 0.6 0.2 0.2 0.8 0.2
7 49 0.6 0.2 0.2 0.8 0.2
3 283 0.3 0.8 0.2 0.8 0.2
7 283 0.3 0.8 0.2 0.8 0.2
3 49 0.3 0.8 0.2 0.8 0.2
7 49 0.3 0.8 0.2 0.8 0.2
3 283 0.6 0.8 0.2 0.8 0.2
7 283 0.6 0.8 0.2 0.8 0.2
3 49 0.6 0.8 0.2 0.8 0.2
7 49 0.6 0.8 0.2 0.8 0.2
3 283 0.3 0.2 0.8 0.8 0.2
7 283 0.3 0.2 0.8 0.8 0.2
3 49 0.3 0.2 0.8 0.8 0.2
7 49 0.3 0.2 0.8 0.8 0.2
3 283 0.6 0.2 0.8 0.8 0.2
7 283 0.6 0.2 0.8 0.8 0.2
3 49 0.6 0.2 0.8 0.8 0.2
7 49 0.6 0.2 0.8 0.8 0.2
3 283 0.3 0.8 0.8 0.8 0.2
7 283 0.3 0.8 0.8 0.8 0.2
3 49 0.3 0.8 0.8 0.8 0.2
7 49 0.3 0.8 0.8 0.8 0.2
3 283 0.6 0.8 0.8 0.8 0.2
7 283 0.6 0.8 0.8 0.8 0.2
3 49 0.6 0.8 0.8 0.8 0.2
7 49 0.6 0.8 0.8 0.8 0.2
3 283 0.3 0.2 0.2 0.2 0.8
7 283 0.3 0.2 0.2 0.2 0.8
3 49 0.3 0.2 0.2 0.2 0.8
7 49 0.3 0.2 0.2 0.2 0.8
3 283 0.6 0.2 0.2 0.2 0.8
7 283 0.6 0.2 0.2 0.2 0.8
3 49 0.6 0.2 0.2 0.2 0.8
7 49 0.6 0.2 0.2 0.2 0.8
3 283 0.3 0.8 0.2 0.2 0.8
7 283 0.3 0.8 0.2 0.2 0.8
3 49 0.3 0.8 0.2 0.2 0.8
7 49 0.3 0.8 0.2 0.2 0.8
3 283 0.6 0.8 0.2 0.2 0.8
7 283 0.6 0.8 0.2 0.2 0.8
3 49 0.6 0.8 0.2 0.2 0.8
7 49 0.6 0.8 0.2 0.2 0.8
3 283 0.3 0.2 0.8 0.2 0.8
7 283 0.3 0.2 0.8 0.2 0.8
3 49 0.3 0.2 0.8 0.2 0.8
7 49 0.3 0.2 0.8 0.2 0.8
3 283 0.6 0.2 0.8 0.2 0.8
7 283 0.6 0.2 0.8 0.2 0.8
3 49 0.6 0.2 0.8 0.2 0.8
7 49 0.6 0.2 0.8 0.2 0.8
3 283 0.3 0.8 0.8 0.2 0.8
7 283 0.3 0.8 0.8 0.2 0.8
3 49 0.3 0.8 0.8 0.2 0.8
7 49 0.3 0.8 0.8 0.2 0.8
3 283 0.6 0.8 0.8 0.2 0.8
7 283 0.6 0.8 0.8 0.2 0.8
3 49 0.6 0.8 0.8 0.2 0.8
7 49 0.6 0.8 0.8 0.2 0.8
3 283 0.3 0.2 0.2 0.8 0.8
7 283 0.3 0.2 0.2 0.8 0.8
3 49 0.3 0.2 0.2 0.8 0.8
7 49 0.3 0.2 0.2 0.8 0.8
3 283 0.6 0.2 0.2 0.8 0.8
7 283 0.6 0.2 0.2 0.8 0.8
3 49 0.6 0.2 0.2 0.8 0.8
7 49 0.6 0.2 0.2 0.8 0.8
3 283 0.3 0.8 0.2 0.8 0.8
7 283 0.3 0.8 0.2 0.8 0.8
3 49 0.3 0.8 0.2 0.8 0.8
7 49 0.3 0.8 0.2 0.8 0.8
3 283 0.6 0.8 0.2 0.8 0.8
7 283 0.6 0.8 0.2 0.8 0.8
3 49 0.6 0.8 0.2 0.8 0.8
7 49 0.6 0.8 0.2 0.8 0.8
3 283 0.3 0.2 0.8 0.8 0.8
7 283 0.3 0.2 0.8 0.8 0.8
3 49 0.3 0.2 0.8 0.8 0.8
7 49 0.3 0.2 0.8 0.8 0.8
3 283 0.6 0.2 0.8 0.8 0.8
7 283 0.6 0.2 0.8 0.8 0.8
3 49 0.6 0.2 0.8 0.8 0.8
7 49 0.6 0.2 0.8 0.8 0.8
3 283 0.3 0.8 0.8 0.8 0.8
7 283 0.3 0.8 0.8 0.8 0.8
3 49 0.3 0.8 0.8 0.8 0.8
7 49 0.3 0.8 0.8 0.8 0.8
3 283 0.6 0.8 0.8 0.8 0.8
7 283 0.6 0.8 0.8 0.8 0.8
3 49 0.6 0.8 0.8 0.8 0.8
7 49 0.6 0.8 0.8 0.8 0.8
